&general
  PREFIX        = hydrogen
  MODE          = optimize
  NAT           = 128
  NKD           = 1
  KD            = H
  HESSIAN       = 1
/

&optimize
  DFSET         = DFSET
/

&interaction
  NORDER        = 1
/

&cell
  9.92
  1.0 0.0 0.0
  0.0 1.0 0.0
  0.0 0.0 1.205
/

&cutoff
  H-H           None
/

&position
  1 0.000 0.000 0.250
  1 0.125 0.125 0.000
  1 0.000 0.125 0.375
  1 0.125 0.000 0.125
  1 0.000 0.000 0.750
  1 0.125 0.125 0.500
  1 0.000 0.125 0.875
  1 0.125 0.000 0.625
  1 0.000 0.250 0.250
  1 0.125 0.375 0.000
  1 0.000 0.375 0.375
  1 0.125 0.250 0.125
  1 0.000 0.250 0.750
  1 0.125 0.375 0.500
  1 0.000 0.375 0.875
  1 0.125 0.250 0.625
  1 0.000 0.500 0.250
  1 0.125 0.625 0.000
  1 0.000 0.625 0.375
  1 0.125 0.500 0.125
  1 0.000 0.500 0.750
  1 0.125 0.625 0.500
  1 0.000 0.625 0.875
  1 0.125 0.500 0.625
  1 0.000 0.750 0.250
  1 0.125 0.875 0.000
  1 0.000 0.875 0.375
  1 0.125 0.750 0.125
  1 0.000 0.750 0.750
  1 0.125 0.875 0.500
  1 0.000 0.875 0.875
  1 0.125 0.750 0.625
  1 0.250 0.000 0.250
  1 0.375 0.125 0.000
  1 0.250 0.125 0.375
  1 0.375 0.000 0.125
  1 0.250 0.000 0.750
  1 0.375 0.125 0.500
  1 0.250 0.125 0.875
  1 0.375 0.000 0.625
  1 0.250 0.250 0.250
  1 0.375 0.375 0.000
  1 0.250 0.375 0.375
  1 0.375 0.250 0.125
  1 0.250 0.250 0.750
  1 0.375 0.375 0.500
  1 0.250 0.375 0.875
  1 0.375 0.250 0.625
  1 0.250 0.500 0.250
  1 0.375 0.625 0.000
  1 0.250 0.625 0.375
  1 0.375 0.500 0.125
  1 0.250 0.500 0.750
  1 0.375 0.625 0.500
  1 0.250 0.625 0.875
  1 0.375 0.500 0.625
  1 0.250 0.750 0.250
  1 0.375 0.875 0.000
  1 0.250 0.875 0.375
  1 0.375 0.750 0.125
  1 0.250 0.750 0.750
  1 0.375 0.875 0.500
  1 0.250 0.875 0.875
  1 0.375 0.750 0.625
  1 0.500 0.000 0.250
  1 0.625 0.125 0.000
  1 0.500 0.125 0.375
  1 0.625 0.000 0.125
  1 0.500 0.000 0.750
  1 0.625 0.125 0.500
  1 0.500 0.125 0.875
  1 0.625 0.000 0.625
  1 0.500 0.250 0.250
  1 0.625 0.375 0.000
  1 0.500 0.375 0.375
  1 0.625 0.250 0.125
  1 0.500 0.250 0.750
  1 0.625 0.375 0.500
  1 0.500 0.375 0.875
  1 0.625 0.250 0.625
  1 0.500 0.500 0.250
  1 0.625 0.625 0.000
  1 0.500 0.625 0.375
  1 0.625 0.500 0.125
  1 0.500 0.500 0.750
  1 0.625 0.625 0.500
  1 0.500 0.625 0.875
  1 0.625 0.500 0.625
  1 0.500 0.750 0.250
  1 0.625 0.875 0.000
  1 0.500 0.875 0.375
  1 0.625 0.750 0.125
  1 0.500 0.750 0.750
  1 0.625 0.875 0.500
  1 0.500 0.875 0.875
  1 0.625 0.750 0.625
  1 0.750 0.000 0.250
  1 0.875 0.125 0.000
  1 0.750 0.125 0.375
  1 0.875 0.000 0.125
  1 0.750 0.000 0.750
  1 0.875 0.125 0.500
  1 0.750 0.125 0.875
  1 0.875 0.000 0.625
  1 0.750 0.250 0.250
  1 0.875 0.375 0.000
  1 0.750 0.375 0.375
  1 0.875 0.250 0.125
  1 0.750 0.250 0.750
  1 0.875 0.375 0.500
  1 0.750 0.375 0.875
  1 0.875 0.250 0.625
  1 0.750 0.500 0.250
  1 0.875 0.625 0.000
  1 0.750 0.625 0.375
  1 0.875 0.500 0.125
  1 0.750 0.500 0.750
  1 0.875 0.625 0.500
  1 0.750 0.625 0.875
  1 0.875 0.500 0.625
  1 0.750 0.750 0.250
  1 0.875 0.875 0.000
  1 0.750 0.875 0.375
  1 0.875 0.750 0.125
  1 0.750 0.750 0.750
  1 0.875 0.875 0.500
  1 0.750 0.875 0.875
  1 0.875 0.750 0.625
/
